5522 3273
8553 65064
5701 49127
8598 46795
6568 52143
5717 6533
1981 56436
4679 8778
173 15111
1462 42774
14709 47373
12798 16948
17752 25088
16316 37598
16887 25510
10362 6276
18493 33603
12808 5178
14805 14519
13138 63165
29160 1382
27082 53633
20722 42695
23564 51721
29160 30476
20433 5685
23564 24926
20864 14018
27179 17084
25263 6600
32155 39937
39891 64923
33784 37441
32630 7736
33172 32120
37423 43744
35028 9674
35028 44227
32925 27484
36871 3972
44575 35182
40488 29047
43915 2519
40643 61942
40815 44717
43619 34183
40315 7813
49418 56813
41953 55720
44379 32660


