0.0 44575 
0.00746094 40488 
0.17578125 43915 
0.17613281 40643 
0.17621094 40815 
0.17917969 43915 
0.31119141 43619 
0.31939453 40315 
0.33371094 43915 
0.46939453 49418 
0.48957031 40488 
0.59558594 43619 
0.64056641 40315 
0.64333984 43619 
0.65140625 44575 
0.79251953 40643 
0.79427734 40488 
0.79955078 43915 
1.56890625 41953 
17.93123047 40488 
17.98095703 40815 
31.54851562 43619 
55.13513672 44379 
55.16427734 40643 
55.30916016 43915 
55.32054688 40815 
55.32193359 41953 
55.45322266 40815 
55.48892578 44575 
55.564375 43619 
55.75777344 40815 
55.76615234 40488 
55.80478516 43915 
55.96076172 40643 
67.62583984 40643 
67.771875 44379 
67.81498047 49418 
67.82423828 43619 
67.89546875 44575 
67.93902344 40815 
68.13103516 40315 
68.1346875 40488 
68.14558594 49418 
68.30060547 49418 
68.30111328 40315 
68.30134766 49418 
68.30199219 40488 
68.45689453 44575 
68.45699219 40643 
68.45722656 40315 
