0.0 29160 
4.215312 27082 
4.979115 27082 
5.021511 20722 
5.521927 23564 
5.541459 29160 
5.863125 29160 
5.880261 20433 
6.217188 27082 
6.235417 23564 
6.575938 20864 
6.592448 27179 
6.947813 27082 
6.964948 20864 
7.944375 27179 
10.502917 20864 
18.8875 20433 
19.037396 20722 
21.000156 25263 
21.239427 29160 
112.854791 20864 
112.975625 20433 
113.549323 23564 
113.575364 29160 
113.94427 20433 
113.963125 20864 
114.400468 20722 
114.418802 29160 
114.781979 20722 
114.87375 20433 
115.257188 29160 
115.275573 20864 
115.611302 20722 
116.122656 20433 
116.566406 27179 
116.634063 20722 
117.237188 23564 
117.257448 20433 
117.706667 23564 
117.790781 29160 
119.05849 20864 
119.673958 20433 
148.768958 20433 
148.928854 20433 
151.002344 27082 
151.05375 27082 
152.563073 27179 
152.8475 20864 
190.58875 20433 
191.872448 20433 
