0.0 5522 
0.023125 8553 
5.217761 5701 
5.256563 8553 
5.535157 8598 
6.351979 5701 
6.369479 6568 
6.647969 5717 
8.141979 5717 
8.184844 5717 
12.750365 8553 
13.220157 5701 
14.090209 1981 
14.099063 1981 
14.362188 5701 
15.253959 4679 
15.62 8598 
15.885052 8598 
15.902969 4679 
17.538802 173 
17.591667 6568 
18.612761 8553 
18.752136 5717 
19.665729 5717 
19.946771 5717 
593.00323 5522 
593.005886 1462 
593.021198 6568 
593.026042 8598 
593.046563 5717 
593.055157 5522 
593.106928 4679 
597.068125 6568 
597.508386 8553 
602.428594 1981 
602.859063 1981 
604.307813 5522 
604.31724 8553 
607.294584 1981 
610.65 5701 
610.989167 1981 
619.695156 5717 
619.697917 5701 
619.710833 6568 
619.715156 1981 
619.735208 4679 
619.769583 5522 
625.135104 5701 
625.143907 6568 
1592.415678 8553 
