0.0 32155 
0.0009896 39891 
0.8256823 33784 
1.004125 32630 
1.0408125 33172 
1.4896719 37423 
1.5893542 37423 
1.688724 37423 
1.6896042 32155 
84.1677448 32155 
84.8659427 37423 
84.9208229 32630 
85.3397448 33784 
85.428724 32155 
85.5106667 39891 
85.5112552 35028 
85.9941458 32630 
86.1077656 32630 
86.1327031 39891 
86.5477969 35028 
86.5796094 32155 
86.6587917 32630 
86.6593229 33784 
140.1240364 32155 
140.6292448 32925 
140.6541146 33784 
140.9777864 33784 
141.0086562 32925 
141.1210521 39891 
141.1216354 32155 
141.5639792 39891 
141.6585313 36871 
141.6851875 32925 
141.9515469 37423 
142.0160469 30311 
142.1336614 35028 
142.1344375 30311 
145.5324011 33172 
145.6334323 32925 
145.6714375 32155 
146.1764375 32630 
146.2249218 30311 
146.3041406 32155 
146.3046614 39891 
167.8881406 33784 
168.409625 33172 
168.4390938 36871 
168.8493489 37423 
168.8804739 39891 
168.9545989 36871 
