499.9728516 14709 
499.9849609 12798 
499.9857422 17752 
867.1539062 16316 
867.1619141 16887 
867.1626953 17752 
867.1628906 10362 
867.1632812 16316 
884.3423828 12798 
884.3466797 18493 
884.3472656 17752 
884.3484375 16887 
884.3486328 12808 
884.3488281 14805 
885.9080078 16316 
899.9658203 12808 
899.9666016 14805 
899.9669922 14709 
899.9669922 18493 
899.9677734 18493 
899.9677734 17752 
899.9679688 12798 
899.9695312 13138 
899.9703125 16316 
899.9707031 12808 
899.9710938 18493 
899.9710938 16316 
899.9712891 16887 
899.9716797 10362 
899.9716797 16887 
899.9722656 18493 
899.9724609 10362 
899.9724609 14709 
899.9726562 18493 
899.9726562 16887 
899.9728516 17752 
899.9728516 14709 
899.9728516 16316 
899.9730469 12808 
899.9730469 14805 
899.9730469 18493 
899.9730469 14709 
899.9734375 14805 
999.9478516 12808 
999.9527344 13138 
999.9570312 10362 
999.9601562 12798 
999.9677734 16316 
999.9693359 17752 
1199.9386719 10362 
